 SERVICIO ELECTORAL                                                                                         FECHA  : 29/09/2009                                                    
  DEPTO. INFORMATICA                                                                                         PAGINA :    1                                                          
                             CANTIDADES DE REGISTROS ELECTORALES Y DE INSCRIPCIONES VIGENTES POR SEXO                                                                               
                                        Y DISTRITO Y SUS PORCENTAJES EN EL TOTAL DEL PAIS                                                                                           
                                                   AL 30 DE SEPTIEMBRE DE 2009                                                                                                      
                                                                                                                                                                                    
                         ------- V A R O N E S -------      ------- M U J E R E S -------      ---------   T O T A L   -------------                                                
REGION   DISTRITO        REGISTROS   INSCRITOS  % INSC.     REGISTROS   INSCRITOS  % INSC.     REGISTROS   INSCRITOS   % INS.TOT.NAC                                                
------------------------------------------------------------------------------------------------------------------------------------                                                
    XV      01               314       56.989     1,45          262       54.710     1,26          576       111.699       1,35                                                     
     I      02               335       64.002     1,63          295       61.618     1,41          630       125.620       1,52                                                     
    II      03               250       48.805     1,24          212       45.531     1,05          462        94.336       1,14                                                     
    II      04               345       72.243     1,84          324       76.300     1,75          669       148.543       1,79                                                     
   III      05               190       39.238     1,00          175       40.009      ,92          365        79.247        ,96                                                     
   III      06               134       27.786      ,71          127       29.306      ,67          261        57.092        ,69                                                     
    IV      07               224       52.757     1,34          231       58.749     1,35          455       111.506       1,35                                                     
    IV      08               260       60.752     1,55          273       69.135     1,59          533       129.887       1,57                                                     
    IV      09               182       38.788      ,99          173       40.147      ,92          355        78.935        ,95                                                     
     V      10               356       79.601     2,03          353       87.186     2,00          709       166.787       2,01                                                     
     V      11               272       61.273     1,56          260       66.358     1,52          532       127.631       1,54                                                     
     V      12               303       70.014     1,78          333       85.281     1,96          636       155.295       1,87                                                     
     V      13               411       83.077     2,11          388       90.870     2,09          799       173.947       2,10                                                     
     V      14               433       93.359     2,38          442      109.159     2,51          875       202.518       2,44                                                     
     V      15               223       49.058     1,25          222       53.805     1,24          445       102.863       1,24                                                     
  R.M.      16               380       90.620     2,31          401      105.734     2,43          781       196.354       2,37                                                     
  R.M.      17               395       81.761     2,08          421       93.185     2,14          816       174.946       2,11                                                     
  R.M.      18               414       86.645     2,21          445       98.695     2,27          859       185.340       2,24                                                     
  R.M.      19               309       63.350     1,61          318       67.754     1,56          627       131.104       1,58                                                     
  R.M.      20               591      134.067     3,41          646      160.557     3,69        1.237       294.624       3,56                                                     
  R.M.      21               446       93.399     2,38          579      126.054     2,89        1.025       219.453       2,65                                                     
  R.M.      22               369       67.788     1,73          360       71.452     1,64          729       139.240       1,68                                                     
  R.M.      23               475      113.946     2,90          603      142.765     3,28        1.078       256.711       3,10                                                     
  R.M.      24               325       74.305     1,89          367       88.992     2,04          692       163.297       1,97                                                     
  R.M.      25               400       82.789     2,11          436       98.280     2,26          836       181.069       2,19                                                     
  R.M.      26               321       75.551     1,92          376       93.298     2,14          697       168.849       2,04                                                     
  R.M.      27               421       89.342     2,27          439      100.356     2,30          860       189.698       2,29                                                     
  R.M.      28               432       84.255     2,14          477       99.097     2,27          909       183.352       2,21                                                     
  R.M.      29               427      103.920     2,65          469      124.093     2,85          896       228.013       2,75                                                     
  R.M.      30               380       88.435     2,25          377       97.440     2,24          757       185.875       2,24                                                     
  R.M.      31               387       92.811     2,36          394      102.584     2,35          781       195.395       2,36                                                     
    VI      32               222       51.326     1,31          224       57.145     1,31          446       108.471       1,31                                                     
    VI      33               306       67.813     1,73          296       72.179     1,66          602       139.992       1,69                                                     
    VI      34               230       52.714     1,34          222       56.701     1,30          452       109.415       1,32                                                     
    VI      35               217       46.404     1,18          195       46.912     1,08          412        93.316       1,13                                                     
   VII      36               299       68.435     1,74          290       73.521     1,69          589       141.956       1,71                                                     
   VII      37               198       46.140     1,17          215       54.943     1,26          413       101.083       1,22                                                     
   VII      38               211       46.156     1,17          190       46.322     1,06          401        92.478       1,12                                                     
   VII      39               222       49.212     1,25          215       54.271     1,25          437       103.483       1,25                                                     
   VII      40               209       44.408     1,13          195       46.688     1,07          404        91.096       1,10                                                     
  VIII      41               342       71.676     1,82          359       82.504     1,89          701       154.180       1,86                                                     
  VIII      42               340       69.724     1,77          318       72.572     1,67          658       142.296       1,72                                                     
  VIII      43               338       66.465     1,69          298       70.612     1,62          636       137.077       1,65                                                     
  VIII      44               421       94.350     2,40          451      112.496     2,58          872       206.846       2,50                                                     
  VIII      45               311       66.524     1,69          294       74.439     1,71          605       140.963       1,70                                                     
  VIII      46               274       59.705     1,52          255       63.537     1,46          529       123.242       1,49                                                     
  VIII      47               376       84.732     2,16          358       89.535     2,06          734       174.267       2,10                                                     
    IX      48               216       43.021     1,10          197       45.275     1,04          413        88.296       1,07                                                     
    IX      49               204       43.685     1,11          190       45.617     1,05          394        89.302       1,08                                                     
    IX      50               309       68.997     1,76          327       81.391     1,87          636       150.388       1,82                                                     
    IX      51               213       43.056     1,10          193       43.839     1,01          406        86.895       1,05                                                     
    IX      52               198       42.010     1,07          188       44.251     1,02          386        86.261       1,04                                                     
   XIV      53               242       50.919     1,30          231       56.389     1,29          473       107.308       1,30                                                     
   XIV      54               240       48.300     1,23          215       49.949     1,15          455        98.249       1,19                                                     
     X      55               219       45.787     1,17          214       51.309     1,18          433        97.096       1,17                                                     
     X      56               225       45.780     1,17          208       46.846     1,08          433        92.626       1,12                                                     
     X      57               261       55.912     1,42          236       57.609     1,32          497       113.521       1,37                                                     
     X      58               243       48.040     1,22          216       49.430     1,13          459        97.470       1,18                                                     
    XI      59               183       31.479      ,80          131       27.061      ,62          314        58.540        ,71                                                     
   XII      60               338       55.127     1,40          212       44.720     1,03          550        99.847       1,21                                                     
------------------------------------------------------------------------------------------------------------------------------------                                                
TOTAL NACIONAL            18.311    3.928.623   100,00       18.311    4.356.563   100,00       36.622     8.285.186     100,00                                                     
------------------------------------------------------------------------------------------------------------------------------------                                                
